[[0.586957, 0.267957, 0.504094, 0.338059, 0.367272, 0.216294, 0.852293, 0.314184, 0.290953, 0.308391, 0.921053, 0.422386, 0.218076, 0.282486, 0.351351, 0.207358, 0.323825, 0.293120, 0.301495, 0.301769, 0.319355, 0.484163, 0.984375, 0.692308],
[0.583736, 0.266306, 0.502486, 0.334943, 0.372933, 0.216294, 0.854012, 0.316548, 0.293466, 0.308391, 0.923246, 0.422386, 0.225345, 0.282486, 0.351351, 0.207358, 0.324698, 0.293120, 0.301495, 0.301769, 0.322043, 0.489442, 0.919271, 0.705128],
[0.580515, 0.266306, 0.500877, 0.333385, 0.375913, 0.216294, 0.854686, 0.321277, 0.295751, 0.315633, 0.925439, 0.422386, 0.225345, 0.279716, 0.351351, 0.207358, 0.324698, 0.293120, 0.301495, 0.308706, 0.324731, 0.494721, 0.854167, 0.717949],
[0.577295, 0.267957, 0.500877, 0.336501, 0.379190, 0.216745, 0.856305, 0.324823, 0.297807, 0.314035, 0.927632, 0.422386, 0.225345, 0.274177, 0.351351, 0.207358, 0.328676, 0.293120, 0.295392, 0.301769, 0.327419, 0.500000, 0.789062, 0.730769],
[0.574074, 0.277039, 0.507799, 0.339461, 0.389321, 0.217647, 0.857721, 0.329787, 0.307288, 0.316910, 0.929825, 0.422386, 0.225345, 0.274177, 0.351351, 0.207358, 0.330811, 0.293120, 0.298444, 0.301769, 0.330108, 0.505279, 0.723958, 0.743590],
[0.570853, 0.279057, 0.509943, 0.345692, 0.413158, 0.218700, 0.857721, 0.330851, 0.327622, 0.318472, 0.932018, 0.422386, 0.225345, 0.274177, 0.357357, 0.200350, 0.333721, 0.293120, 0.298444, 0.301769, 0.332796, 0.510558, 0.658854, 0.756410],
[0.567633, 0.280066, 0.513745, 0.351612, 0.426865, 0.221707, 0.857721, 0.335579, 0.342586, 0.321596, 0.934211, 0.422386, 0.225345, 0.276947, 0.360360, 0.207358, 0.333721, 0.293120, 0.304547, 0.301769, 0.335484, 0.515837, 0.593750, 0.769231],
[0.567633, 0.281717, 0.517645, 0.355040, 0.435803, 0.224263, 0.859744, 0.341371, 0.354010, 0.325855, 0.936404, 0.422386, 0.225345, 0.282486, 0.360360, 0.207358, 0.336632, 0.293120, 0.316143, 0.301769, 0.337634, 0.519608, 0.617188, 0.756410],
[0.567633, 0.286487, 0.521349, 0.358311, 0.442955, 0.224263, 0.859744, 0.343972, 0.364291, 0.325855, 0.938596, 0.432946, 0.225345, 0.282486, 0.360360, 0.200350, 0.338379, 0.293120, 0.331401, 0.301769, 0.339785, 0.523379, 0.640625, 0.743590],
[0.567633, 0.295661, 0.521349, 0.364231, 0.455171, 0.226218, 0.859744, 0.348582, 0.371145, 0.327133, 0.940789, 0.432946, 0.225345, 0.282486, 0.366366, 0.200350, 0.339252, 0.293120, 0.344217, 0.301769, 0.341935, 0.527149, 0.664062, 0.730769],
[0.567633, 0.388313, 0.530415, 0.373890, 0.468580, 0.229075, 0.860351, 0.353635, 0.375828, 0.329689, 0.942982, 0.432946, 0.227526, 0.282486, 0.377477, 0.202102, 0.341192, 0.293120, 0.359170, 0.301769, 0.344086, 0.530920, 0.687500, 0.717949],
[0.567633, 0.435832, 0.553617, 0.383237, 0.465302, 0.232232, 0.860654, 0.356738, 0.380398, 0.334375, 0.945175, 0.440690, 0.231888, 0.282486, 0.377477, 0.200350, 0.343230, 0.293120, 0.364663, 0.301769, 0.346237, 0.534691, 0.710938, 0.705128],
[0.567633, 0.431337, 0.578865, 0.408163, 0.462322, 0.240352, 0.861328, 0.362884, 0.374572, 0.334375, 0.947368, 0.465681, 0.241822, 0.282486, 0.377477, 0.207358, 0.347305, 0.293120, 0.367714, 0.301769, 0.348387, 0.538462, 0.734375, 0.692308],
[0.564815, 0.410719, 0.592513, 0.420315, 0.456661, 0.246266, 0.862036, 0.367376, 0.381197, 0.338208, 0.947368, 0.472809, 0.247153, 0.282486, 0.377477, 0.207358, 0.350119, 0.293120, 0.367714, 0.301769, 0.352151, 0.543741, 0.726562, 0.679487],
[0.561997, 0.387396, 0.593585, 0.432933, 0.459641, 0.250877, 0.862778, 0.372340, 0.385881, 0.341332, 0.947368, 0.482225, 0.254422, 0.290794, 0.369369, 0.200350, 0.354534, 0.293120, 0.373818, 0.301769, 0.355914, 0.549020, 0.718750, 0.666667],
[0.559179, 0.365288, 0.589686, 0.435738, 0.474539, 0.254786, 0.863452, 0.377069, 0.395248, 0.344314, 0.947368, 0.485744, 0.254422, 0.290794, 0.369369, 0.207358, 0.358851, 0.293120, 0.373818, 0.301769, 0.359677, 0.554299, 0.710938, 0.653846],
[0.556361, 0.354096, 0.586762, 0.435738, 0.483999, 0.256892, 0.863790, 0.380615, 0.408842, 0.347153, 0.947368, 0.485744, 0.261691, 0.290794, 0.369369, 0.207358, 0.362829, 0.293120, 0.383888, 0.301769, 0.363441, 0.559578, 0.703125, 0.641026],
[0.553543, 0.345014, 0.580912, 0.435738, 0.490927, 0.255789, 0.863790, 0.382979, 0.414496, 0.352549, 0.947368, 0.489616, 0.261691, 0.294533, 0.369369, 0.200350, 0.362829, 0.286208, 0.386176, 0.301769, 0.367204, 0.564857, 0.695312, 0.628205],
[0.550725, 0.339510, 0.576136, 0.435738, 0.499866, 0.255889, 0.864801, 0.391135, 0.420265, 0.358228, 0.947368, 0.489616, 0.261691, 0.295779, 0.374775, 0.209588, 0.366613, 0.282752, 0.393042, 0.301769, 0.370968, 0.570136, 0.687500, 0.615385],
[0.548712, 0.334098, 0.572236, 0.435738, 0.504335, 0.247770, 0.865408, 0.393262, 0.430318, 0.364191, 0.947368, 0.485744, 0.261691, 0.298272, 0.377477, 0.254818, 0.370300, 0.282752, 0.396094, 0.301769, 0.374194, 0.574661, 0.729167, 0.615385],
[0.546699, 0.330428, 0.571359, 0.435738, 0.516254, 0.235240, 0.865105, 0.398345, 0.439685, 0.367031, 0.947368, 0.485744, 0.264962, 0.298272, 0.390090, 0.286033, 0.372338, 0.282752, 0.402197, 0.301769, 0.377419, 0.579186, 0.770833, 0.615385],
[0.544686, 0.328685, 0.568434, 0.437451, 0.519234, 0.228323, 0.865105, 0.402837, 0.446424, 0.368451, 0.947368, 0.497360, 0.261691, 0.301041, 0.434835, 0.305781, 0.374472, 0.282752, 0.410436, 0.301769, 0.380645, 0.583710, 0.812500, 0.615385],
[0.542673, 0.324833, 0.568434, 0.440879, 0.501058, 0.223261, 0.865711, 0.407801, 0.450994, 0.368451, 0.947368, 0.497360, 0.261691, 0.306580, 0.477477, 0.315655, 0.378353, 0.282752, 0.410436, 0.301769, 0.383871, 0.588235, 0.854167, 0.615385],
[0.540660, 0.322172, 0.567362, 0.435738, 0.486011, 0.220254, 0.865711, 0.409929, 0.460247, 0.368451, 0.947368, 0.489616, 0.266053, 0.306580, 0.504505, 0.322026, 0.380294, 0.282752, 0.419591, 0.301769, 0.387097, 0.592760, 0.895833, 0.615385],
[0.538647, 0.322172, 0.567362, 0.435738, 0.483329, 0.215743, 0.866049, 0.417139, 0.462303, 0.368451, 0.947368, 0.489616, 0.261691, 0.306580, 0.498498, 0.330626, 0.381167, 0.286208, 0.419591, 0.301769, 0.390323, 0.597285, 0.937500, 0.615385],
[0.536232, 0.318319, 0.568434, 0.434336, 0.483329, 0.213738, 0.866723, 0.424232, 0.466073, 0.371007, 0.949561, 0.485744, 0.261691, 0.303811, 0.495495, 0.336996, 0.384854, 0.293120, 0.429661, 0.301769, 0.391398, 0.600302, 0.898438, 0.589744],
[0.533816, 0.318319, 0.568434, 0.434336, 0.486011, 0.211783, 0.866723, 0.426596, 0.466073, 0.378248, 0.951754, 0.485744, 0.261691, 0.303811, 0.495495, 0.340182, 0.385824, 0.282752, 0.429661, 0.301769, 0.392473, 0.603318, 0.859375, 0.564103],
[0.531401, 0.318319, 0.568434, 0.437451, 0.486011, 0.616755, 0.867465, 0.428723, 0.470528, 0.380804, 0.953947, 0.485744, 0.261691, 0.301041, 0.495495, 0.474598, 0.387959, 0.282752, 0.435764, 0.301769, 0.393548, 0.606335, 0.820312, 0.538462],
[0.528986, 0.320338, 0.570384, 0.437451, 0.483329, 0.771025, 0.867835, 0.435993, 0.497944, 0.382365, 0.956140, 0.485744, 0.261691, 0.306580, 0.489489, 0.509317, 0.391937, 0.287936, 0.429661, 0.301769, 0.394624, 0.609351, 0.781250, 0.512821],
[0.526570, 0.322172, 0.573991, 0.437451, 0.475880, 0.860139, 0.867835, 0.441726, 0.527759, 0.388329, 0.958333, 0.482225, 0.261691, 0.306580, 0.483183, 0.503583, 0.393878, 0.286208, 0.432713, 0.301769, 0.395699, 0.612368, 0.742188, 0.487179],
[0.524155, 0.323824, 0.576136, 0.440879, 0.472602, 0.888908, 0.867835, 0.449054, 0.532100, 0.392588, 0.960526, 0.475185, 0.261691, 0.306580, 0.476577, 0.548176, 0.394848, 0.293120, 0.432713, 0.301769, 0.396774, 0.615385, 0.703125, 0.461538],
[0.522544, 0.327768, 0.581887, 0.437451, 0.477519, 0.896426, 0.867835, 0.451537, 0.542609, 0.398268, 0.960526, 0.475185, 0.261691, 0.306580, 0.467568, 0.464405, 0.396594, 0.282752, 0.438816, 0.301769, 0.400538, 0.619910, 0.752604, 0.474359],
[0.520934, 0.331254, 0.587736, 0.437451, 0.477519, 0.823151, 0.868341, 0.456028, 0.546950, 0.399546, 0.960526, 0.475185, 0.256845, 0.301041, 0.462162, 0.407708, 0.398923, 0.289664, 0.438816, 0.301769, 0.404301, 0.624434, 0.802083, 0.487179],
[0.519324, 0.336345, 0.596510, 0.435738, 0.483329, 0.665372, 0.868847, 0.460993, 0.547978, 0.402101, 0.960526, 0.475185, 0.254422, 0.298272, 0.456456, 0.401656, 0.401446, 0.289664, 0.438816, 0.301769, 0.408065, 0.628959, 0.851562, 0.500000],
[0.517713, 0.346849, 0.604504, 0.439165, 0.489288, 0.563026, 0.868173, 0.460993, 0.547978, 0.408207, 0.960526, 0.475185, 0.254422, 0.298272, 0.450450, 0.401656, 0.403580, 0.282752, 0.432713, 0.301769, 0.411828, 0.633484, 0.901042, 0.512821],
[0.516103, 0.350518, 0.611230, 0.442281, 0.488469, 0.472258, 0.868847, 0.456028, 0.557231, 0.422405, 0.960526, 0.475185, 0.254422, 0.298272, 0.445946, 0.394967, 0.406491, 0.293120, 0.438816, 0.308706, 0.415591, 0.638009, 0.950521, 0.525641],
[0.514493, 0.354371, 0.609086, 0.446370, 0.486011, 0.418229, 0.868847, 0.451537, 0.566598, 0.433622, 0.960526, 0.465681, 0.254422, 0.292664, 0.438138, 0.387960, 0.406491, 0.293120, 0.438816, 0.312175, 0.419355, 0.642534, 1.000000, 0.538462],
[0.512882, 0.354371, 0.613277, 0.450226, 0.486011, 0.376579, 0.868510, 0.449054, 0.573852, 0.439301, 0.953947, 0.465681, 0.254422, 0.290794, 0.431532, 0.387960, 0.409402, 0.293120, 0.434239, 0.312175, 0.421505, 0.642534, 0.901042, 0.564103],
[0.511272, 0.357949, 0.616982, 0.450226, 0.484670, 0.353624, 0.867835, 0.446454, 0.580192, 0.442141, 0.947368, 0.462161, 0.249576, 0.290794, 0.428529, 0.381589, 0.409402, 0.293120, 0.435764, 0.312175, 0.423656, 0.642534, 0.802083, 0.589744],
[0.509662, 0.359600, 0.619468, 0.450226, 0.481988, 0.333525, 0.869521, 0.446454, 0.582248, 0.444697, 0.940789, 0.455121, 0.247153, 0.290794, 0.422523, 0.378404, 0.412313, 0.293120, 0.429661, 0.312175, 0.425806, 0.642534, 0.703125, 0.615385],
[0.508052, 0.360609, 0.621076, 0.448512, 0.481988, 0.327411, 0.868847, 0.446454, 0.584761, 0.446259, 0.934211, 0.455121, 0.247153, 0.288025, 0.414414, 0.378404, 0.414059, 0.293120, 0.419591, 0.312175, 0.427957, 0.642534, 0.604167, 0.641026],
[0.506441, 0.362627, 0.622831, 0.445085, 0.481988, 0.298993, 0.869184, 0.446454, 0.584761, 0.449382, 0.927632, 0.455121, 0.247153, 0.282486, 0.414414, 0.369804, 0.416000, 0.293120, 0.419591, 0.312175, 0.430108, 0.642534, 0.505208, 0.666667],
[0.504831, 0.361618, 0.621076, 0.450226, 0.480498, 0.297451, 0.869184, 0.444326, 0.588302, 0.452222, 0.921053, 0.451602, 0.239157, 0.282486, 0.411411, 0.369804, 0.418134, 0.293120, 0.413488, 0.312175, 0.432258, 0.642534, 0.406250, 0.692308],
[0.502013, 0.359600, 0.621076, 0.453342, 0.480498, 0.289921, 0.868847, 0.446454, 0.595156, 0.454920, 0.899123, 0.444562, 0.239157, 0.282486, 0.405405, 0.369804, 0.418134, 0.293120, 0.413488, 0.312175, 0.432258, 0.630468, 0.440104, 0.679487],
[0.499195, 0.362627, 0.621076, 0.454900, 0.479008, 0.282453, 0.868173, 0.444326, 0.605438, 0.457476, 0.877193, 0.444562, 0.239157, 0.274177, 0.405405, 0.369804, 0.416000, 0.293120, 0.410436, 0.319806, 0.432258, 0.618401, 0.473958, 0.666667],
[0.496377, 0.362627, 0.621076, 0.457704, 0.481988, 0.277441, 0.867835, 0.445390, 0.614348, 0.463439, 0.855263, 0.444562, 0.234311, 0.274177, 0.399399, 0.363434, 0.412313, 0.293120, 0.410436, 0.323621, 0.432258, 0.606335, 0.507812, 0.653846],
[0.493559, 0.365104, 0.622831, 0.459106, 0.481988, 0.271928, 0.867094, 0.443262, 0.622573, 0.465995, 0.833333, 0.444562, 0.231888, 0.276947, 0.396396, 0.360248, 0.410372, 0.293120, 0.410436, 0.323621, 0.432258, 0.594268, 0.541667, 0.641026],
[0.490741, 0.365104, 0.621076, 0.459106, 0.481988, 0.267818, 0.865711, 0.443262, 0.629427, 0.470680, 0.811404, 0.436818, 0.231888, 0.282486, 0.396396, 0.360248, 0.409402, 0.293120, 0.404944, 0.315990, 0.432258, 0.582202, 0.575521, 0.628205],
[0.487923, 0.365104, 0.620004, 0.459106, 0.480498, 0.263407, 0.865105, 0.441962, 0.640850, 0.470680, 0.789474, 0.432946, 0.229707, 0.282486, 0.386486, 0.360248, 0.409402, 0.296261, 0.402197, 0.323621, 0.432258, 0.570136, 0.609375, 0.615385],
[0.485910, 0.365104, 0.620004, 0.459106, 0.477519, 0.259034, 0.864801, 0.439362, 0.652273, 0.476218, 0.796053, 0.432946, 0.229707, 0.282486, 0.386486, 0.357860, 0.410857, 0.296261, 0.402197, 0.315990, 0.430645, 0.570890, 0.609375, 0.615385],
[0.483897, 0.362627, 0.617859, 0.456302, 0.477519, 0.254335, 0.862407, 0.439362, 0.662554, 0.481897, 0.802632, 0.422386, 0.225345, 0.282486, 0.386486, 0.350693, 0.410372, 0.293120, 0.402197, 0.323621, 0.429032, 0.571644, 0.609375, 0.615385],
[0.481884, 0.362627, 0.617859, 0.459106, 0.477519, 0.250376, 0.860384, 0.439362, 0.669408, 0.484737, 0.809211, 0.422386, 0.225345, 0.282486, 0.380480, 0.350693, 0.412313, 0.293120, 0.402197, 0.323621, 0.427419, 0.572398, 0.609375, 0.615385],
[0.479871, 0.359600, 0.616982, 0.459106, 0.477519, 0.248271, 0.857687, 0.436170, 0.678547, 0.487292, 0.815789, 0.422386, 0.222922, 0.282486, 0.377477, 0.350693, 0.414059, 0.293120, 0.402197, 0.323621, 0.425806, 0.573152, 0.609375, 0.615385],
[0.477858, 0.359600, 0.615227, 0.459106, 0.477519, 0.245815, 0.854316, 0.436170, 0.678547, 0.491978, 0.822368, 0.420011, 0.218076, 0.282486, 0.377477, 0.350693, 0.412313, 0.293120, 0.396094, 0.323621, 0.424194, 0.573906, 0.609375, 0.615385],
[0.475845, 0.359600, 0.617859, 0.459106, 0.477519, 0.243810, 0.850573, 0.436170, 0.682888, 0.494818, 0.828947, 0.412883, 0.218076, 0.282486, 0.377477, 0.350693, 0.412313, 0.293120, 0.399146, 0.323621, 0.422581, 0.574661, 0.609375, 0.615385],
[0.473430, 0.359600, 0.617859, 0.459106, 0.472602, 0.241855, 0.846527, 0.436170, 0.678547, 0.500071, 0.839912, 0.412883, 0.218076, 0.282486, 0.369369, 0.347189, 0.412313, 0.293120, 0.393042, 0.323621, 0.419355, 0.576169, 0.658854, 0.589744],
[0.471014, 0.359600, 0.616982, 0.459106, 0.472602, 0.240753, 0.838132, 0.434988, 0.678547, 0.500071, 0.850877, 0.412883, 0.215653, 0.282486, 0.369369, 0.340182, 0.412313, 0.293120, 0.393042, 0.323621, 0.416129, 0.577677, 0.708333, 0.564103],
[0.468599, 0.360609, 0.615227, 0.459106, 0.472602, 0.238297, 0.833412, 0.432624, 0.677290, 0.504756, 0.861842, 0.412883, 0.210807, 0.282486, 0.369369, 0.340182, 0.412313, 0.293120, 0.393042, 0.323621, 0.412903, 0.579186, 0.757812, 0.538462],
[0.466184, 0.358958, 0.615227, 0.462533, 0.472602, 0.237194, 0.830007, 0.431324, 0.677290, 0.507312, 0.872807, 0.405843, 0.210807, 0.288025, 0.369369, 0.340182, 0.412313, 0.293120, 0.386939, 0.330558, 0.409677, 0.580694, 0.807292, 0.512821],
[0.463768, 0.357123, 0.615227, 0.464247, 0.472602, 0.235841, 0.831423, 0.428723, 0.679689, 0.511714, 0.883772, 0.402323, 0.210807, 0.290794, 0.366366, 0.340182, 0.410372, 0.293120, 0.389991, 0.330558, 0.406452, 0.582202, 0.856771, 0.487179],
[0.461353, 0.358774, 0.615227, 0.464247, 0.472602, 0.234839, 0.836076, 0.431324, 0.681974, 0.512104, 0.894737, 0.402323, 0.210807, 0.290794, 0.360360, 0.340182, 0.406491, 0.293120, 0.389991, 0.331426, 0.403226, 0.583710, 0.906250, 0.461538],
[0.458132, 0.359600, 0.615227, 0.464247, 0.472602, 0.231781, 0.838840, 0.431324, 0.688828, 0.516115, 0.879386, 0.402323, 0.202811, 0.290794, 0.360360, 0.333811, 0.406491, 0.293120, 0.383888, 0.334027, 0.403226, 0.575415, 0.820312, 0.474359],
[0.454911, 0.359600, 0.616982, 0.467051, 0.472602, 0.231781, 0.838840, 0.432624, 0.690884, 0.518813, 0.864035, 0.395283, 0.202811, 0.290794, 0.360360, 0.333811, 0.406491, 0.293120, 0.383888, 0.334027, 0.403226, 0.567119, 0.734375, 0.487179],
[0.451691, 0.359600, 0.616982, 0.468453, 0.472602, 0.230779, 0.834794, 0.432624, 0.691912, 0.521369, 0.848684, 0.391763, 0.200388, 0.293287, 0.360360, 0.330626, 0.404551, 0.293120, 0.383888, 0.334027, 0.403226, 0.558824, 0.648438, 0.500000],
[0.448470, 0.359600, 0.615227, 0.468453, 0.472602, 0.229676, 0.832097, 0.432624, 0.691912, 0.526054, 0.833333, 0.391763, 0.195542, 0.298272, 0.360360, 0.330626, 0.399408, 0.293120, 0.383888, 0.334027, 0.403226, 0.550528, 0.562500, 0.512821],
[0.445250, 0.359600, 0.615227, 0.468453, 0.469920, 0.228323, 0.827310, 0.432624, 0.691912, 0.526054, 0.817982, 0.387892, 0.195542, 0.290794, 0.351351, 0.330626, 0.397468, 0.293120, 0.383888, 0.334027, 0.403226, 0.542232, 0.476562, 0.525641],
[0.442029, 0.357949, 0.615227, 0.468453, 0.472602, 0.228323, 0.820263, 0.432624, 0.689856, 0.529888, 0.802632, 0.380148, 0.195542, 0.290794, 0.351351, 0.330626, 0.397468, 0.293120, 0.383888, 0.334027, 0.403226, 0.533937, 0.390625, 0.538462],
[0.440821, 0.359600, 0.616982, 0.468453, 0.468580, 0.226819, 0.810359, 0.432624, 0.688828, 0.529888, 0.793860, 0.380148, 0.193361, 0.290794, 0.351351, 0.330626, 0.397468, 0.293120, 0.383888, 0.334027, 0.403226, 0.528658, 0.398438, 0.538462],
[0.439614, 0.359600, 0.616982, 0.468453, 0.468580, 0.225579, 0.797033, 0.432624, 0.686315, 0.534573, 0.785088, 0.380148, 0.193361, 0.290794, 0.351351, 0.330626, 0.395721, 0.293120, 0.383888, 0.334027, 0.403226, 0.523379, 0.406250, 0.538462],
[0.438406, 0.357123, 0.615227, 0.468453, 0.468580, 0.225165, 0.787862, 0.428723, 0.680832, 0.534573, 0.776316, 0.376628, 0.188999, 0.298272, 0.348048, 0.324892, 0.394848, 0.293120, 0.383888, 0.334027, 0.403226, 0.518100, 0.414062, 0.538462],
[0.437198, 0.357123, 0.615227, 0.471880, 0.468580, 0.223812, 0.779164, 0.428723, 0.678547, 0.534573, 0.767544, 0.376628, 0.188999, 0.298272, 0.341441, 0.322026, 0.394848, 0.293120, 0.383888, 0.334027, 0.403226, 0.512821, 0.421875, 0.538462],
[0.435990, 0.357123, 0.615227, 0.473594, 0.468580, 0.222710, 0.766352, 0.427660, 0.673749, 0.534573, 0.758772, 0.376628, 0.188999, 0.298272, 0.341441, 0.322026, 0.391937, 0.293120, 0.383888, 0.334027, 0.403226, 0.507541, 0.429688, 0.538462],
[0.434783, 0.357123, 0.615227, 0.473594, 0.464892, 0.221707, 0.760890, 0.425532, 0.669180, 0.535993, 0.750000, 0.369588, 0.188999, 0.298272, 0.341441, 0.322026, 0.391937, 0.293120, 0.383888, 0.334027, 0.403226, 0.502262, 0.437500, 0.538462],
[0.432770, 0.357123, 0.612303, 0.473594, 0.463663, 0.220805, 0.753776, 0.425532, 0.662440, 0.535993, 0.747807, 0.363252, 0.181730, 0.303811, 0.341441, 0.322026, 0.393878, 0.293120, 0.380531, 0.334027, 0.401613, 0.499246, 0.466146, 0.538462],
[0.430757, 0.357123, 0.612303, 0.475931, 0.462322, 0.220304, 0.750405, 0.422931, 0.657642, 0.535993, 0.745614, 0.369588, 0.181730, 0.302426, 0.341441, 0.322026, 0.391937, 0.293120, 0.373818, 0.334027, 0.400000, 0.496229, 0.494792, 0.538462],
[0.428744, 0.355289, 0.611230, 0.476710, 0.459641, 0.219301, 0.751483, 0.421631, 0.656614, 0.535993, 0.743421, 0.363252, 0.181730, 0.303811, 0.341441, 0.322026, 0.391937, 0.293120, 0.373818, 0.334027, 0.398387, 0.493213, 0.523438, 0.538462],
[0.426731, 0.354371, 0.609086, 0.478268, 0.455171, 0.217647, 0.747438, 0.421631, 0.653615, 0.538833, 0.741228, 0.360084, 0.181730, 0.298272, 0.332432, 0.322026, 0.391937, 0.293120, 0.373818, 0.344433, 0.396774, 0.490196, 0.552083, 0.538462],
[0.424718, 0.354371, 0.609086, 0.478268, 0.455171, 0.216745, 0.734997, 0.418440, 0.648732, 0.538833, 0.739035, 0.353045, 0.179307, 0.298272, 0.332432, 0.315655, 0.391937, 0.286208, 0.373818, 0.337496, 0.395161, 0.487179, 0.580729, 0.538462],
[0.422705, 0.354371, 0.608428, 0.478268, 0.455171, 0.214640, 0.726837, 0.418440, 0.644277, 0.538833, 0.736842, 0.349525, 0.174461, 0.298272, 0.332432, 0.312470, 0.391937, 0.293120, 0.370766, 0.334027, 0.393548, 0.484163, 0.609375, 0.538462],
[0.419887, 0.354371, 0.606453, 0.478268, 0.451894, 0.214640, 0.717127, 0.417258, 0.641764, 0.540111, 0.743421, 0.349525, 0.174461, 0.298272, 0.332432, 0.312470, 0.390967, 0.289664, 0.364663, 0.334027, 0.392473, 0.485671, 0.572917, 0.551282],
[0.417069, 0.354371, 0.606453, 0.478268, 0.450255, 0.213287, 0.717127, 0.412293, 0.636166, 0.542666, 0.750000, 0.349525, 0.174461, 0.298272, 0.332432, 0.312470, 0.389026, 0.282752, 0.364663, 0.340964, 0.391398, 0.487179, 0.536458, 0.564103],
[0.414251, 0.354371, 0.605381, 0.478268, 0.447573, 0.212284, 0.721443, 0.410993, 0.631597, 0.542666, 0.756579, 0.349525, 0.171795, 0.298272, 0.332432, 0.312470, 0.385824, 0.282752, 0.364663, 0.340964, 0.390323, 0.488688, 0.500000, 0.576923],
[0.411433, 0.351344, 0.603236, 0.482474, 0.446232, 0.211783, 0.726905, 0.410993, 0.627142, 0.545790, 0.763158, 0.338965, 0.166465, 0.298272, 0.332432, 0.312470, 0.385824, 0.282752, 0.364663, 0.340964, 0.389247, 0.490196, 0.463542, 0.589744],
[0.408615, 0.351344, 0.605381, 0.482474, 0.446232, 0.210681, 0.732940, 0.410993, 0.627142, 0.547352, 0.769737, 0.338965, 0.171795, 0.298272, 0.332432, 0.312470, 0.387959, 0.282752, 0.364663, 0.344433, 0.388172, 0.491704, 0.427083, 0.602564],
[0.405797, 0.351344, 0.603236, 0.482474, 0.446232, 0.212284, 0.738798, 0.410993, 0.630569, 0.549908, 0.776316, 0.338965, 0.166465, 0.290794, 0.324324, 0.302914, 0.385824, 0.282752, 0.364663, 0.337496, 0.387097, 0.493213, 0.390625, 0.615385],
[0.404992, 0.353362, 0.603236, 0.482474, 0.446232, 0.212284, 0.743695, 0.410993, 0.625771, 0.551186, 0.776316, 0.338965, 0.166465, 0.290794, 0.324324, 0.309285, 0.383884, 0.282752, 0.364663, 0.344433, 0.383871, 0.488688, 0.427083, 0.628205],
[0.404187, 0.359600, 0.603236, 0.478268, 0.446232, 0.215793, 0.753203, 0.416076, 0.605438, 0.548630, 0.776316, 0.338965, 0.166465, 0.290794, 0.324324, 0.309285, 0.373405, 0.282752, 0.356424, 0.337496, 0.380645, 0.484163, 0.463542, 0.641026],
[0.403382, 0.361618, 0.600604, 0.478268, 0.446232, 0.218700, 0.772016, 0.418440, 0.589445, 0.541389, 0.776316, 0.338965, 0.166465, 0.290794, 0.324324, 0.302914, 0.369330, 0.276469, 0.356424, 0.344433, 0.377419, 0.479638, 0.500000, 0.653846],
[0.402576, 0.362627, 0.600604, 0.467051, 0.446232, 0.215467, 0.760620, 0.418440, 0.566598, 0.538833, 0.776316, 0.338965, 0.171795, 0.288025, 0.324324, 0.302914, 0.367487, 0.273327, 0.347269, 0.337496, 0.374194, 0.475113, 0.536458, 0.666667],
[0.401771, 0.362627, 0.597680, 0.464247, 0.446232, 0.224213, 0.754552, 0.416076, 0.557231, 0.533012, 0.776316, 0.338965, 0.166465, 0.282486, 0.324324, 0.299411, 0.363800, 0.273327, 0.353372, 0.344433, 0.370968, 0.470588, 0.572917, 0.679487],
[0.400966, 0.361618, 0.597680, 0.464247, 0.456363, 0.232333, 0.756204, 0.413593, 0.542495, 0.527332, 0.776316, 0.338965, 0.166465, 0.282486, 0.330030, 0.292403, 0.362829, 0.273327, 0.353372, 0.337496, 0.367742, 0.466063, 0.609375, 0.692308],
[0.404589, 0.361114, 0.597680, 0.464247, 0.474055, 0.240352, 0.747438, 0.410993, 0.528787, 0.518671, 0.785088, 0.338965, 0.166465, 0.282486, 0.377703, 0.292403, 0.362829, 0.273327, 0.341166, 0.337496, 0.356989, 0.457014, 0.609375, 0.641026],
[0.408213, 0.357949, 0.597680, 0.464247, 0.469920, 0.244261, 0.734255, 0.408629, 0.515193, 0.510152, 0.793860, 0.338965, 0.166465, 0.274177, 0.444444, 0.292403, 0.365740, 0.270500, 0.341166, 0.337496, 0.346237, 0.447964, 0.609375, 0.589744],
[0.411836, 0.357949, 0.594463, 0.464247, 0.452192, 0.251729, 0.713351, 0.403901, 0.503770, 0.503195, 0.802632, 0.338965, 0.166465, 0.274177, 0.495195, 0.282848, 0.365740, 0.264844, 0.341166, 0.334027, 0.335484, 0.438914, 0.609375, 0.538462],
[0.415459, 0.359600, 0.592708, 0.464247, 0.442955, 0.298942, 0.675219, 0.395863, 0.494403, 0.497515, 0.811404, 0.338965, 0.166465, 0.274177, 0.525225, 0.296226, 0.366613, 0.264844, 0.338114, 0.334027, 0.324731, 0.429864, 0.609375, 0.487179],
[0.419082, 0.361618, 0.593585, 0.459106, 0.428205, 0.321046, 0.669150, 0.391135, 0.490062, 0.490416, 0.820175, 0.338965, 0.174461, 0.276947, 0.555255, 0.315655, 0.370300, 0.264844, 0.338114, 0.334027, 0.313978, 0.420814, 0.609375, 0.435897],
[0.422705, 0.359600, 0.593585, 0.456302, 0.410029, 0.295985, 0.642279, 0.386525, 0.479781, 0.484737, 0.828947, 0.338965, 0.174461, 0.276947, 0.566667, 0.322026, 0.368360, 0.264844, 0.328044, 0.334027, 0.303226, 0.411765, 0.609375, 0.384615],
[0.421498, 0.357123, 0.593147, 0.454900, 0.393790, 0.270925, 0.617262, 0.367612, 0.466872, 0.474727, 0.791667, 0.338965, 0.185365, 0.274177, 0.557658, 0.312470, 0.366613, 0.264844, 0.328044, 0.334027, 0.312366, 0.401207, 0.609375, 0.410256],
[0.420290, 0.357123, 0.583934, 0.454900, 0.384851, 0.255889, 0.610216, 0.443144, 0.457962, 0.447821, 0.754386, 0.346005, 0.200630, 0.274177, 0.557658, 0.312470, 0.362829, 0.270814, 0.328044, 0.337496, 0.321505, 0.390649, 0.609375, 0.435897],
[0.419082, 0.352353, 0.575941, 0.454900, 0.383213, 0.239299, 0.623702, 0.461820, 0.446653, 0.427659, 0.717105, 0.342485, 0.215653, 0.274177, 0.557658, 0.312470, 0.362829, 0.289664, 0.328044, 0.344433, 0.330645, 0.380090, 0.609375, 0.461538],
[0.417874, 0.348684, 0.566485, 0.454900, 0.383213, 0.243209, 0.560249, 0.472695, 0.419237, 0.426665, 0.679825, 0.349525, 0.234311, 0.274177, 0.557658, 0.306100, 0.362829, 0.299403, 0.321941, 0.347555, 0.339785, 0.369532, 0.609375, 0.487179],
[0.416667, 0.347858, 0.559661, 0.454900, 0.377551, 0.248271, 0.550969, 0.465603, 0.394106, 0.437740, 0.642544, 0.349525, 0.243155, 0.274177, 0.554955, 0.292403, 0.363557, 0.293120, 0.318889, 0.353798, 0.348925, 0.358974, 0.609375, 0.512821],
[0.415459, 0.345840, 0.550010, 0.451784, 0.371592, 0.250376, 0.549225, 0.438416, 0.405529, 0.381088, 0.605263, 0.356565, 0.258057, 0.268085, 0.549550, 0.292403, 0.367487, 0.293120, 0.318889, 0.344433, 0.358065, 0.348416, 0.609375, 0.538462],
[0.415459, 0.342446, 0.536264, 0.454900, 0.374274, 0.250877, 0.547134, 0.421868, 0.397533, 0.377964, 0.596491, 0.360084, 0.266053, 0.274177, 0.557658, 0.289218, 0.371271, 0.293120, 0.318889, 0.344433, 0.359677, 0.343891, 0.609375, 0.564103],
[0.415459, 0.336942, 0.524566, 0.451784, 0.374274, 0.249875, 0.535064, 0.398582, 0.395019, 0.469118, 0.587719, 0.360084, 0.278168, 0.274177, 0.557658, 0.289218, 0.371271, 0.293120, 0.318889, 0.350676, 0.361290, 0.339367, 0.609375, 0.589744],
[0.415459, 0.333089, 0.518717, 0.451784, 0.365782, 0.250326, 0.524208, 0.379433, 0.387252, 0.463155, 0.578947, 0.363252, 0.288345, 0.274177, 0.557658, 0.282848, 0.378353, 0.293120, 0.318889, 0.350676, 0.362903, 0.334842, 0.609375, 0.615385],
[0.415459, 0.335107, 0.512868, 0.454900, 0.362504, 0.253333, 0.501349, 0.367612, 0.382682, 0.483175, 0.570175, 0.369588, 0.300218, 0.279716, 0.557658, 0.289218, 0.383981, 0.293120, 0.318889, 0.353798, 0.364516, 0.330317, 0.609375, 0.641026],
[0.415459, 0.334098, 0.508774, 0.453342, 0.355204, 0.256065, 0.503372, 0.355437, 0.363034, 0.500497, 0.561404, 0.373108, 0.309426, 0.282486, 0.554955, 0.282848, 0.401446, 0.302545, 0.318889, 0.353798, 0.366129, 0.325792, 0.609375, 0.666667],
[0.415459, 0.332080, 0.519594, 0.450226, 0.351926, 0.258395, 0.477748, 0.346217, 0.354124, 0.518813, 0.552632, 0.380148, 0.311849, 0.282486, 0.549550, 0.282848, 0.409402, 0.302545, 0.318889, 0.353798, 0.367742, 0.321267, 0.609375, 0.692308],
[0.413849, 0.340611, 0.519594, 0.450226, 0.356843, 0.258395, 0.434592, 0.337707, 0.349440, 0.524492, 0.537281, 0.387892, 0.317180, 0.282486, 0.549550, 0.282848, 0.410372, 0.302545, 0.318889, 0.360735, 0.374731, 0.319005, 0.609375, 0.692308],
[0.412238, 0.344097, 0.527198, 0.450226, 0.355614, 0.259748, 0.427849, 0.328487, 0.338017, 0.526054, 0.521930, 0.387892, 0.319845, 0.282486, 0.545045, 0.282848, 0.414059, 0.302545, 0.318889, 0.364204, 0.381720, 0.316742, 0.609375, 0.692308],
[0.410628, 0.369507, 0.519594, 0.450226, 0.349245, 0.258846, 0.406575, 0.319976, 0.329792, 0.528610, 0.506579, 0.397043, 0.319845, 0.282486, 0.549550, 0.277114, 0.412313, 0.302545, 0.318889, 0.364204, 0.388710, 0.314480, 0.609375, 0.692308],
[0.409018, 0.410146, 0.516572, 0.460819, 0.351926, 0.260300, 0.401787, 0.313121, 0.323167, 0.527332, 0.491228, 0.405843, 0.319845, 0.282486, 0.549550, 0.274247, 0.414059, 0.308828, 0.318889, 0.364204, 0.395699, 0.312217, 0.609375, 0.692308],
[0.407407, 0.402991, 0.518717, 0.467051, 0.351926, 0.262305, 0.380614, 0.301182, 0.317455, 0.527332, 0.475877, 0.412883, 0.319845, 0.288025, 0.549550, 0.274247, 0.418134, 0.320452, 0.321941, 0.364204, 0.402688, 0.309955, 0.609375, 0.692308],
[0.405797, 0.369783, 0.515500, 0.468453, 0.354906, 0.262756, 0.357013, 0.291726, 0.312886, 0.524492, 0.460526, 0.412883, 0.314514, 0.290794, 0.557658, 0.274247, 0.419881, 0.326736, 0.328044, 0.364204, 0.409677, 0.307692, 0.609375, 0.692308],
[0.401771, 0.362627, 0.511796, 0.468453, 0.367123, 0.262756, 0.339413, 0.282506, 0.299292, 0.521369, 0.449561, 0.412883, 0.319845, 0.290794, 0.557658, 0.274247, 0.422791, 0.340245, 0.338114, 0.364204, 0.413978, 0.304676, 0.609375, 0.679487],
[0.397746, 0.362536, 0.504094, 0.459106, 0.401240, 0.261402, 0.340829, 0.277778, 0.290267, 0.521369, 0.438596, 0.422386, 0.319845, 0.290794, 0.557658, 0.274247, 0.426867, 0.346528, 0.344980, 0.364204, 0.418280, 0.301659, 0.609375, 0.666667],
[0.393720, 0.366205, 0.504094, 0.465337, 0.407199, 0.260300, 0.351989, 0.269149, 0.284441, 0.517535, 0.427632, 0.422386, 0.319845, 0.290794, 0.557658, 0.274247, 0.432494, 0.349670, 0.347269, 0.364204, 0.422581, 0.298643, 0.609375, 0.653846],
[0.389694, 0.354371, 0.501950, 0.479670, 0.388129, 0.259748, 0.359339, 0.267021, 0.278387, 0.517535, 0.416667, 0.432946, 0.319845, 0.290794, 0.552252, 0.274247, 0.440450, 0.349670, 0.347269, 0.364204, 0.426882, 0.295626, 0.609375, 0.641026],
[0.385668, 0.343363, 0.495321, 0.482474, 0.384851, 0.258846, 0.336716, 0.261229, 0.273818, 0.516115, 0.405702, 0.432946, 0.317180, 0.290794, 0.552252, 0.274247, 0.450153, 0.359095, 0.353372, 0.364204, 0.431183, 0.292609, 0.609375, 0.628205],
[0.381643, 0.329328, 0.487327, 0.481072, 0.372933, 0.256892, 0.318173, 0.256265, 0.267306, 0.513276, 0.394737, 0.432946, 0.311849, 0.290794, 0.549550, 0.274247, 0.459661, 0.359095, 0.353372, 0.364204, 0.435484, 0.289593, 0.609375, 0.615385],
[0.376812, 0.323824, 0.482648, 0.475152, 0.355353, 0.255789, 0.307451, 0.250355, 0.264793, 0.513276, 0.434211, 0.440690, 0.311849, 0.290794, 0.543544, 0.274247, 0.465677, 0.359095, 0.347269, 0.364204, 0.428495, 0.310709, 0.609375, 0.641026],
[0.371981, 0.326851, 0.480698, 0.467051, 0.330026, 0.253333, 0.310081, 0.248227, 0.264793, 0.513276, 0.473684, 0.448082, 0.311849, 0.290794, 0.540541, 0.267877, 0.473342, 0.359095, 0.350320, 0.364204, 0.421505, 0.331825, 0.609375, 0.666667],
[0.367150, 0.354371, 0.469877, 0.464247, 0.315128, 0.252230, 0.301989, 0.246454, 0.271647, 0.513276, 0.513158, 0.462161, 0.317180, 0.290794, 0.534535, 0.274247, 0.486926, 0.372290, 0.368020, 0.364204, 0.414516, 0.352941, 0.609375, 0.692308],
[0.362319, 0.290891, 0.438487, 0.461131, 0.306040, 0.250877, 0.304046, 0.239835, 0.273818, 0.510152, 0.552632, 0.462161, 0.307003, 0.288025, 0.528228, 0.271062, 0.484791, 0.377003, 0.386939, 0.364204, 0.407527, 0.374057, 0.609375, 0.717949],
[0.357488, 0.276397, 0.434685, 0.448356, 0.291142, 0.248772, 0.376939, 0.239835, 0.276331, 0.508590, 0.592105, 0.455121, 0.300218, 0.282486, 0.521622, 0.271062, 0.461699, 0.377003, 0.399146, 0.364204, 0.400538, 0.395173, 0.609375, 0.743590],
[0.352657, 0.273645, 0.436830, 0.437763, 0.286523, 0.244036, 0.417060, 0.245863, 0.283071, 0.511714, 0.631579, 0.458641, 0.304580, 0.282486, 0.515616, 0.269470, 0.459855, 0.380459, 0.413488, 0.371835, 0.393548, 0.416290, 0.609375, 0.769231],
[0.347826, 0.273645, 0.439754, 0.424988, 0.286523, 0.241304, 0.409643, 0.248227, 0.283071, 0.511714, 0.611842, 0.465681, 0.304580, 0.282486, 0.515616, 0.271062, 0.461602, 0.387370, 0.426305, 0.371835, 0.398925, 0.407994, 0.580729, 0.756410],
[0.342995, 0.277039, 0.441509, 0.410967, 0.286523, 0.239299, 0.508024, 0.252600, 0.281928, 0.511714, 0.592105, 0.475185, 0.304580, 0.282486, 0.512613, 0.271062, 0.430748, 0.396795, 0.432713, 0.371835, 0.404301, 0.399698, 0.552083, 0.743590],
[0.338164, 0.275388, 0.446481, 0.405048, 0.292818, 0.237194, 0.508766, 0.257565, 0.281928, 0.513276, 0.572368, 0.475185, 0.304580, 0.282486, 0.512613, 0.267877, 0.428613, 0.403079, 0.438816, 0.375650, 0.409677, 0.391403, 0.523438, 0.730769],
[0.333333, 0.277039, 0.450380, 0.403490, 0.291142, 0.236292, 0.468206, 0.260047, 0.276331, 0.513276, 0.552632, 0.475185, 0.304580, 0.286640, 0.507207, 0.267877, 0.433561, 0.406221, 0.447971, 0.375650, 0.415054, 0.383107, 0.494792, 0.717949],
[0.328502, 0.274562, 0.452427, 0.401776, 0.289801, 0.235841, 0.443999, 0.260047, 0.273818, 0.511714, 0.532895, 0.475185, 0.304580, 0.290794, 0.504505, 0.264692, 0.441129, 0.406221, 0.441868, 0.375650, 0.420430, 0.374811, 0.466146, 0.705128],
[0.323671, 0.274562, 0.452427, 0.398349, 0.283841, 0.235841, 0.397775, 0.253783, 0.269591, 0.508590, 0.513158, 0.475185, 0.304580, 0.290794, 0.498498, 0.264692, 0.457915, 0.396795, 0.438816, 0.375650, 0.425806, 0.366516, 0.437500, 0.692308],
[0.322061, 0.273645, 0.449503, 0.398349, 0.277733, 0.234337, 0.362104, 0.249291, 0.267306, 0.507312, 0.528509, 0.475185, 0.302399, 0.290794, 0.495495, 0.264692, 0.461796, 0.396795, 0.438816, 0.375650, 0.417742, 0.368024, 0.424479, 0.705128],
[0.320451, 0.271810, 0.445603, 0.395544, 0.271476, 0.233235, 0.337728, 0.243499, 0.260452, 0.504756, 0.543860, 0.475185, 0.302399, 0.285255, 0.495495, 0.264692, 0.463542, 0.396795, 0.438816, 0.375650, 0.409677, 0.369532, 0.411458, 0.717949],
[0.318841, 0.268783, 0.442386, 0.394142, 0.267453, 0.232232, 0.333749, 0.238534, 0.260452, 0.502414, 0.559211, 0.468849, 0.295614, 0.282486, 0.492492, 0.264692, 0.459661, 0.396795, 0.438816, 0.369927, 0.401613, 0.371041, 0.398438, 0.730769],
[0.317230, 0.263462, 0.441728, 0.394142, 0.267453, 0.231330, 0.399022, 0.234870, 0.273989, 0.501917, 0.574561, 0.468849, 0.288951, 0.282486, 0.486486, 0.264692, 0.436909, 0.387370, 0.438816, 0.371835, 0.393548, 0.372549, 0.385417, 0.743590],
[0.315620, 0.255022, 0.439754, 0.394142, 0.268794, 0.231330, 0.506035, 0.239835, 0.292438, 0.496237, 0.589912, 0.462161, 0.283499, 0.274177, 0.476577, 0.264692, 0.403580, 0.387370, 0.441868, 0.371835, 0.385484, 0.374057, 0.372396, 0.756410],
[0.314010, 0.257041, 0.443459, 0.394142, 0.271476, 0.231330, 0.570701, 0.243499, 0.317341, 0.493398, 0.605263, 0.455121, 0.275503, 0.274177, 0.476577, 0.264692, 0.384175, 0.377003, 0.453464, 0.368019, 0.377419, 0.375566, 0.359375, 0.769231],
[0.314815, 0.261627, 0.445603, 0.394142, 0.277882, 0.229676, 0.617330, 0.250355, 0.350583, 0.496237, 0.640351, 0.455121, 0.270657, 0.274177, 0.473574, 0.264692, 0.346141, 0.377003, 0.456210, 0.368019, 0.362366, 0.376320, 0.401042, 0.743590],
[0.315620, 0.263279, 0.449308, 0.396947, 0.283543, 0.228774, 0.657788, 0.256265, 0.364062, 0.496237, 0.675439, 0.455121, 0.261691, 0.274177, 0.467568, 0.258321, 0.323049, 0.367578, 0.456210, 0.364204, 0.347312, 0.377074, 0.442708, 0.717949],
[0.316425, 0.260802, 0.453402, 0.395544, 0.280862, 0.229225, 0.683715, 0.258865, 0.376628, 0.496237, 0.710526, 0.444562, 0.261691, 0.274177, 0.459459, 0.264692, 0.316257, 0.367578, 0.459262, 0.364204, 0.332258, 0.377828, 0.484375, 0.692308],
[0.317230, 0.262453, 0.456327, 0.398349, 0.283543, 0.228323, 0.691807, 0.260638, 0.374572, 0.494818, 0.745614, 0.444562, 0.254422, 0.274177, 0.459459, 0.258321, 0.316257, 0.359095, 0.465365, 0.364204, 0.317204, 0.378582, 0.526042, 0.666667],
[0.318035, 0.264288, 0.461981, 0.398349, 0.286523, 0.227822, 0.698213, 0.263593, 0.370117, 0.491978, 0.780702, 0.436818, 0.254422, 0.274177, 0.450450, 0.261507, 0.320138, 0.359095, 0.478486, 0.364204, 0.302151, 0.379336, 0.567708, 0.641026]]
